c:[0, 1, 4, 5, 9]
num:[4363, 3476, 4364, 1625, 1659]
c:[1, 2, 3, 6, 9]
num:[1307, 1450, 4750, 663, 578]
c:[1, 3, 7, 8, 9]
num:[1312, 55, 713, 2987, 1441]
c:[0, 1, 3, 4, 7]
num:[4102, 2459, 4648, 2858, 792]
c:[1, 3, 4, 6, 8]
num:[714, 4693, 1648, 2024, 4535]
c:[1, 2, 3, 6, 8]
num:[4425, 620, 1964, 1928, 2477]
c:[1, 3, 5, 7, 8]
num:[3942, 3241, 4479, 4964, 2816]
c:[1, 3, 4, 5, 9]
num:[2572, 4464, 4387, 159, 1799]
c:[0, 3, 4, 6, 8]
num:[1060, 3063, 3448, 1534, 3669]
c:[3, 5, 7, 8, 9]
num:[337, 642, 2964, 4625, 4983]
c:[2, 6, 7, 8, 9]
num:[45, 829, 729, 672, 1778]
c:[3, 4, 5, 6, 8]
num:[2155, 4941, 651, 3004, 2964]
c:[2, 3, 6, 7, 9]
num:[1494, 2424, 4481, 3018, 2950]
c:[0, 1, 3, 4, 8]
num:[2704, 3497, 2393, 3106, 776]
c:[0, 2, 5, 8, 9]
num:[782, 1642, 2542, 3581, 52]
c:[0, 2, 3, 7, 9]
num:[2652, 4660, 4792, 4637, 1180]
c:[0, 3, 6, 8, 9]
num:[4002, 4148, 2153, 3963, 4105]
c:[0, 2, 4, 6, 7]
num:[648, 2243, 3897, 1323, 1900]
c:[1, 2, 3, 6, 9]
num:[3643, 1665, 683, 453, 1024]
c:[1, 2, 3, 5, 6]
num:[2612, 2585, 2000, 1886, 3024]
c:[3, 4, 6, 8, 9]
num:[3333, 4205, 1855, 1644, 3642]
c:[0, 3, 5, 6, 8]
num:[3776, 1682, 4569, 3417, 2742]
c:[1, 3, 4, 6, 7]
num:[2095, 3943, 4396, 4469, 3303]
c:[0, 1, 3, 8, 9]
num:[1379, 3844, 2163, 2512, 502]
c:[2, 3, 4, 6, 8]
num:[2048, 3116, 4658, 3565, 2951]
c:[0, 3, 5, 7, 9]
num:[769, 2428, 1116, 1125, 429]
c:[0, 1, 2, 3, 4]
num:[4624, 1777, 4144, 3016, 1979]
c:[2, 4, 6, 7, 9]
num:[3563, 975, 3902, 2068, 3824]
c:[0, 1, 2, 6, 9]
num:[4766, 990, 1071, 46, 6]
c:[0, 1, 2, 8, 9]
num:[623, 1286, 2430, 4916, 3888]
c:[1, 2, 4, 6, 7]
num:[1750, 2200, 809, 3246, 3021]
c:[0, 1, 4, 5, 8]
num:[4372, 55, 753, 384, 4147]
c:[0, 4, 5, 8, 9]
num:[1076, 355, 3764, 3537, 983]
c:[0, 2, 4, 7, 9]
num:[1474, 2387, 30, 4548, 3380]
c:[2, 5, 6, 8, 9]
num:[4577, 1181, 4989, 1230, 4500]
c:[2, 4, 5, 6, 8]
num:[1911, 297, 1329, 2403, 2762]
c:[0, 1, 3, 5, 9]
num:[3983, 618, 185, 886, 4273]
c:[1, 5, 6, 7, 8]
num:[1356, 940, 3068, 1004, 1098]
c:[1, 2, 5, 8, 9]
num:[1306, 3943, 1122, 4702, 506]
c:[1, 3, 5, 6, 8]
num:[1551, 3972, 1084, 2108, 1094]
c:[0, 4, 6, 7, 8]
num:[4041, 2223, 1877, 1022, 812]
c:[4, 6, 7, 8, 9]
num:[1426, 542, 2927, 2116, 2580]
c:[2, 4, 5, 6, 9]
num:[795, 326, 4220, 3866, 2864]
c:[3, 5, 6, 7, 9]
num:[4574, 4726, 2442, 1707, 368]
c:[3, 4, 5, 6, 7]
num:[553, 1826, 2879, 1689, 4436]
c:[1, 3, 5, 8, 9]
num:[4682, 2141, 2655, 3674, 4001]
c:[0, 5, 6, 7, 9]
num:[3209, 2752, 4325, 513, 4725]
c:[0, 1, 6, 7, 8]
num:[3045, 2874, 435, 4258, 1149]
c:[0, 2, 3, 5, 9]
num:[4760, 2249, 2202, 537, 1993]
c:[1, 3, 4, 5, 9]
num:[931, 213, 4018, 2120, 2238]
