c:[0, 1, 3, 4, 7, 9]
num:[4810, 3674, 2108, 1030, 367, 2606]
c:[0, 2, 4, 5, 7, 9]
num:[94, 4902, 3895, 2947, 3390, 3376]
c:[3, 4, 5, 6, 7, 8]
num:[3885, 3434, 984, 1521, 3204, 4021]
c:[0, 2, 3, 4, 6, 8]
num:[4906, 1625, 921, 1527, 2624, 1812]
c:[1, 3, 4, 7, 8, 9]
num:[644, 1553, 1327, 4102, 2246, 4415]
c:[0, 1, 2, 5, 6, 8]
num:[616, 3300, 667, 2418, 4852, 4782]
c:[0, 1, 2, 5, 6, 9]
num:[1670, 1436, 555, 4969, 2658, 2102]
c:[0, 2, 3, 5, 7, 9]
num:[665, 361, 2628, 4126, 3034, 4631]
c:[0, 3, 4, 6, 7, 9]
num:[319, 4475, 1516, 3013, 313, 514]
c:[0, 4, 5, 6, 7, 9]
num:[958, 4998, 3225, 2725, 2522, 4847]
c:[0, 2, 3, 5, 8, 9]
num:[1016, 1286, 2619, 2854, 681, 4601]
c:[0, 1, 3, 5, 7, 9]
num:[2013, 2091, 2746, 1524, 1271, 4419]
c:[0, 2, 4, 5, 6, 9]
num:[4892, 1169, 1877, 1076, 1750, 2242]
c:[1, 2, 4, 6, 7, 8]
num:[2212, 2181, 4507, 2230, 4242, 3267]
c:[2, 3, 5, 6, 8, 9]
num:[2361, 3576, 871, 4175, 3078, 3587]
c:[0, 2, 3, 4, 5, 7]
num:[1184, 68, 106, 262, 1826, 4220]
c:[0, 1, 3, 5, 6, 9]
num:[3112, 4752, 2009, 2397, 1446, 592]
c:[0, 2, 4, 5, 6, 7]
num:[1979, 1197, 1642, 1985, 4595, 3187]
c:[1, 3, 4, 6, 7, 8]
num:[4395, 2220, 3185, 21, 2019, 593]
c:[0, 2, 3, 5, 6, 8]
num:[3298, 3901, 789, 3711, 596, 4492]
c:[1, 2, 3, 4, 7, 9]
num:[485, 2474, 2719, 3102, 2120, 4138]
c:[0, 2, 4, 5, 6, 8]
num:[3875, 3266, 192, 3795, 421, 2098]
c:[1, 2, 3, 4, 5, 7]
num:[483, 3815, 4746, 3355, 4326, 3412]
c:[1, 2, 5, 6, 8, 9]
num:[3343, 2325, 1912, 2302, 2847, 1765]
c:[0, 2, 3, 5, 7, 8]
num:[265, 3796, 2292, 2266, 2191, 3985]
c:[2, 3, 5, 6, 7, 8]
num:[1700, 3199, 999, 3589, 2134, 3761]
c:[1, 3, 4, 5, 7, 9]
num:[4987, 1253, 3982, 1389, 779, 506]
c:[0, 1, 2, 6, 7, 8]
num:[870, 1650, 1350, 161, 3794, 1339]
c:[2, 3, 4, 5, 6, 8]
num:[1854, 3656, 3924, 118, 2379, 4620]
c:[0, 1, 2, 4, 5, 8]
num:[3509, 4916, 2847, 1991, 1009, 141]
c:[1, 2, 4, 6, 7, 9]
num:[4535, 272, 3866, 2973, 757, 2156]
c:[1, 2, 3, 4, 7, 8]
num:[940, 1619, 250, 4162, 221, 4570]
c:[1, 2, 3, 4, 6, 8]
num:[1115, 3659, 3436, 2613, 3110, 4850]
c:[1, 2, 5, 7, 8, 9]
num:[4784, 2377, 3819, 2893, 1828, 2096]
c:[0, 1, 4, 5, 7, 8]
num:[2753, 4911, 3971, 3539, 3099, 1483]
c:[0, 1, 4, 6, 7, 8]
num:[29, 592, 12, 3041, 3295, 981]
c:[0, 2, 4, 5, 8, 9]
num:[4726, 1939, 2873, 4934, 4756, 3701]
c:[0, 2, 4, 6, 7, 9]
num:[3438, 1600, 4287, 2124, 1400, 4164]
c:[4, 5, 6, 7, 8, 9]
num:[1031, 497, 3867, 2423, 864, 569]
c:[1, 4, 5, 7, 8, 9]
num:[1122, 3240, 1501, 3117, 691, 3488]
c:[0, 4, 5, 6, 8, 9]
num:[2767, 4716, 835, 3538, 4027, 1848]
c:[0, 2, 4, 5, 8, 9]
num:[300, 4477, 1232, 328, 2534, 4389]
c:[1, 2, 4, 6, 7, 8]
num:[1065, 3668, 2629, 4342, 644, 1481]
c:[0, 3, 5, 6, 7, 9]
num:[1800, 3784, 2333, 4812, 2782, 3033]
c:[1, 3, 4, 5, 8, 9]
num:[2098, 4989, 554, 4648, 949, 4380]
c:[0, 1, 3, 4, 5, 8]
num:[413, 3964, 3833, 4290, 3623, 4282]
c:[1, 2, 4, 5, 8, 9]
num:[4483, 4833, 1903, 2890, 3299, 73]
c:[0, 1, 2, 4, 5, 6]
num:[532, 2455, 838, 2305, 786, 3571]
c:[1, 2, 3, 7, 8, 9]
num:[2349, 4047, 2360, 1962, 4101, 1109]
c:[0, 1, 2, 4, 5, 8]
num:[3752, 2304, 1060, 900, 4282, 2657]
