c:[3, 4, 5, 8]
num:[4700, 596, 1667, 4196]
c:[2, 6, 7, 9]
num:[4526, 2390, 1794, 1]
c:[3, 4, 6, 9]
num:[84, 2180, 3747, 3856]
c:[0, 6, 8, 9]
num:[3496, 4162, 4041, 3395]
c:[0, 5, 7, 9]
num:[4250, 1773, 4381, 3522]
c:[1, 2, 6, 9]
num:[317, 4563, 2198, 3267]
c:[1, 4, 5, 7]
num:[3130, 3650, 129, 4262]
c:[0, 4, 8, 9]
num:[268, 4612, 2788, 4326]
c:[1, 4, 6, 9]
num:[2570, 2934, 4595, 3105]
c:[1, 3, 4, 8]
num:[3928, 3682, 2357, 4672]
c:[0, 5, 7, 8]
num:[322, 3269, 960, 3828]
c:[1, 4, 6, 9]
num:[3628, 4379, 4637, 2402]
c:[2, 3, 4, 7]
num:[886, 3075, 3414, 207]
c:[0, 3, 4, 6]
num:[3507, 1238, 2918, 3178]
c:[0, 1, 2, 6]
num:[4010, 4802, 4361, 2786]
c:[1, 2, 5, 6]
num:[4745, 3237, 2270, 3387]
c:[1, 2, 3, 4]
num:[1673, 704, 651, 3123]
c:[5, 6, 7, 8]
num:[3126, 4388, 2604, 4164]
c:[0, 4, 5, 6]
num:[864, 2907, 1004, 3840]
c:[2, 3, 7, 8]
num:[2521, 3199, 1573, 1899]
c:[4, 7, 8, 9]
num:[882, 1217, 3057, 4833]
c:[2, 3, 5, 6]
num:[1805, 3497, 2248, 3600]
c:[0, 7, 8, 9]
num:[1044, 2194, 988, 412]
c:[2, 5, 6, 9]
num:[2690, 3873, 4846, 668]
c:[1, 5, 6, 8]
num:[3937, 404, 669, 2019]
c:[0, 3, 7, 8]
num:[4856, 1488, 3494, 1416]
c:[1, 4, 7, 8]
num:[586, 1009, 2029, 3725]
c:[0, 1, 4, 6]
num:[2346, 3778, 4303, 4581]
c:[0, 1, 5, 8]
num:[3078, 2281, 2805, 4600]
c:[3, 5, 6, 9]
num:[862, 4724, 4251, 932]
c:[0, 5, 8, 9]
num:[4304, 3044, 2103, 1187]
c:[0, 3, 6, 7]
num:[1719, 2783, 3921, 923]
c:[1, 2, 3, 4]
num:[4257, 83, 1762, 3913]
c:[3, 4, 8, 9]
num:[1365, 4727, 4123, 2053]
c:[1, 3, 4, 9]
num:[4817, 2773, 2025, 2747]
c:[0, 5, 6, 8]
num:[644, 1991, 774, 4192]
c:[1, 2, 7, 8]
num:[1383, 239, 4890, 4877]
c:[1, 4, 6, 7]
num:[3039, 2357, 4925, 166]
c:[5, 6, 8, 9]
num:[1968, 1197, 2400, 2711]
c:[0, 2, 5, 8]
num:[11, 4593, 4365, 2991]
c:[1, 3, 6, 9]
num:[3222, 3913, 4045, 3361]
c:[0, 4, 8, 9]
num:[879, 398, 2500, 595]
c:[1, 5, 7, 9]
num:[2163, 4066, 2639, 4168]
c:[0, 4, 6, 9]
num:[1330, 2140, 1796, 405]
c:[6, 7, 8, 9]
num:[6, 1299, 1913, 2601]
c:[2, 3, 7, 9]
num:[564, 2661, 409, 3704]
c:[2, 4, 5, 7]
num:[431, 3501, 3823, 1966]
c:[0, 6, 8, 9]
num:[4259, 1959, 2551, 2464]
c:[1, 2, 8, 9]
num:[4458, 2860, 598, 2294]
c:[1, 2, 6, 7]
num:[4001, 838, 3551, 1693]
