c:[3, 5, 7]
num:[6, 1073, 1163]
c:[1, 8, 9]
num:[1735, 2895, 3519]
c:[1, 2, 5]
num:[2733, 1131, 4605]
c:[0, 1, 3]
num:[4485, 1363, 3890]
c:[2, 6, 7]
num:[3659, 3692, 2129]
c:[0, 2, 4]
num:[155, 1555, 882]
c:[1, 4, 6]
num:[663, 2790, 3181]
c:[4, 7, 8]
num:[2677, 918, 4402]
c:[1, 5, 7]
num:[3825, 4697, 514]
c:[4, 6, 8]
num:[2534, 2558, 4304]
c:[2, 4, 8]
num:[2636, 3764, 2072]
c:[0, 4, 7]
num:[2456, 4554, 1531]
c:[2, 5, 9]
num:[2972, 1432, 4733]
c:[7, 8, 9]
num:[2842, 4182, 1045]
c:[0, 1, 8]
num:[332, 4889, 2751]
c:[0, 4, 9]
num:[495, 3845, 4081]
c:[1, 5, 9]
num:[4028, 4180, 2625]
c:[2, 4, 9]
num:[113, 4490, 1330]
c:[1, 3, 7]
num:[4398, 2764, 1242]
c:[3, 6, 7]
num:[1007, 43, 3636]
c:[2, 4, 6]
num:[811, 3009, 4424]
c:[2, 5, 8]
num:[3479, 3026, 18]
c:[3, 4, 7]
num:[3047, 1995, 2633]
c:[2, 3, 9]
num:[3808, 1020, 4584]
c:[3, 7, 8]
num:[931, 4793, 478]
c:[1, 2, 3]
num:[2287, 2565, 3845]
c:[2, 3, 4]
num:[649, 2621, 164]
c:[1, 6, 7]
num:[3249, 2383, 2597]
c:[0, 1, 3]
num:[3021, 2606, 1904]
c:[4, 7, 8]
num:[2000, 4236, 3560]
c:[0, 1, 8]
num:[841, 1387, 4603]
c:[1, 5, 9]
num:[4143, 853, 887]
c:[4, 6, 7]
num:[4307, 956, 1398]
c:[3, 5, 7]
num:[4720, 2794, 2942]
c:[2, 3, 5]
num:[1852, 285, 1395]
c:[2, 3, 7]
num:[4836, 3426, 2509]
c:[4, 7, 9]
num:[4823, 230, 4994]
c:[1, 2, 9]
num:[2507, 182, 1892]
c:[0, 4, 5]
num:[3629, 4104, 1887]
c:[1, 3, 5]
num:[159, 2703, 1984]
c:[1, 4, 6]
num:[1298, 1662, 3159]
c:[3, 6, 9]
num:[1787, 4377, 293]
c:[2, 3, 6]
num:[2707, 1446, 1231]
c:[4, 5, 7]
num:[4251, 1373, 4383]
c:[0, 2, 3]
num:[405, 2505, 266]
c:[0, 7, 9]
num:[687, 4711, 4033]
c:[0, 2, 8]
num:[1713, 2804, 4931]
c:[3, 4, 8]
num:[2450, 4835, 1167]
c:[2, 4, 5]
num:[3804, 1202, 4247]
c:[2, 3, 8]
num:[2577, 2683, 4927]
